1.000000000 0.000000000 0.000000000 0.000000000 0.000000000 1.000000000 0.000000000 0.000000000 0.000000000 0.000000000 1.000000000 0.000000000
0.999999523 -0.000940027 -0.000247825 -0.003118319 0.000940144 0.999999583 0.000471080 -0.008793714 0.000247382 -0.000471312 0.999999821 0.421354711
0.999998689 -0.001534814 -0.000453737 -0.006858377 0.001535355 0.999998093 0.001195110 -0.016855689 0.000451902 -0.001195805 0.999999166 0.851880550
0.999998569 -0.001409209 -0.000937135 -0.012305468 0.001411352 0.999996364 0.002290210 -0.024340240 0.000933904 -0.002291530 0.999996960 1.284628987
0.999998927 -0.000724545 -0.001252714 -0.016177116 0.000728185 0.999995530 0.002907646 -0.033140767 0.001250601 -0.002908555 0.999994993 1.720930457
0.999998510 -0.000042168 -0.001733647 -0.021399397 0.000047443 0.999995351 0.003042701 -0.039366685 0.001733510 -0.003042778 0.999993861 2.164300919
0.999997616 0.000548541 -0.002121748 -0.029572625 -0.000540841 0.999993205 0.003628158 -0.046891518 0.002123724 -0.003627002 0.999991179 2.609499693
0.999995649 0.001481268 -0.002545830 -0.035064518 -0.001473147 0.999993801 0.003189026 -0.053330697 0.002550538 -0.003185262 0.999991655 3.064959764
0.999992132 0.002523393 -0.003051749 -0.042102054 -0.002515978 0.999993801 0.002430877 -0.061495494 0.003057864 -0.002423179 0.999992371 3.520794630
0.999987841 0.003532919 -0.003431714 -0.048631951 -0.003528321 0.999992847 0.001345326 -0.068514384 0.003436443 -0.001333202 0.999993205 3.984589815
0.999986529 0.003311545 -0.004000054 -0.053836625 -0.003307337 0.999993980 0.001058151 -0.079769157 0.004003534 -0.001044907 0.999991417 4.452435970
0.999983311 0.003533169 -0.004558579 -0.057505045 -0.003528277 0.999993205 0.001080816 -0.087268628 0.004562366 -0.001064714 0.999989033 4.921781063
0.999976873 0.004687974 -0.004923956 -0.064484671 -0.004680519 0.999987900 0.001524371 -0.092926055 0.004931043 -0.001501289 0.999986708 5.399360657
0.999959052 0.007105357 -0.005608760 -0.073564015 -0.007084300 0.999967813 0.003765229 -0.097307853 0.005635333 -0.003725341 0.999977171 5.881701469
0.999937415 0.009450611 -0.006009720 -0.085288920 -0.009415642 0.999938726 0.005820673 -0.100698665 0.006064362 -0.005763722 0.999965012 6.373839855
0.999909163 0.011713960 -0.006663072 -0.094148509 -0.011660463 0.999899924 0.008012085 -0.106304020 0.006756259 -0.007933663 0.999945700 6.868099213
0.999905527 0.011559719 -0.007455414 -0.099771559 -0.011506500 0.999908268 0.007142567 -0.119432382 0.007537297 -0.007056105 0.999946713 7.361536503
0.999915242 0.010288592 -0.007972837 -0.105332308 -0.010248869 0.999934971 0.005007132 -0.131927788 0.008023835 -0.004924993 0.999955595 7.859514236
0.999928474 0.008580434 -0.008326950 -0.110656746 -0.008561965 0.999960840 0.002250994 -0.140696377 0.008345940 -0.002179538 0.999962807 8.362102509
0.999929011 0.008363063 -0.008485419 -0.118693829 -0.008364147 0.999964952 -0.000092121 -0.146868214 0.008484351 0.000163088 0.999963999 8.866032600
0.999898255 0.011102110 -0.008952305 -0.130609900 -0.011116420 0.999936938 -0.001550259 -0.148182079 0.008934529 0.001649619 0.999958754 9.380763054
0.999866307 0.013388482 -0.009378511 -0.143614203 -0.013389105 0.999910355 -0.000003772 -0.156918541 0.009377619 0.000129342 0.999955952 9.897164345
0.999864757 0.013213881 -0.009791095 -0.152804092 -0.013182556 0.999907792 0.003257191 -0.166724563 0.009833233 -0.003127679 0.999946713 10.425052643
0.999889135 0.010558954 -0.010498296 -0.158071905 -0.010498738 0.999928236 0.005774504 -0.179189950 0.010558515 -0.005663645 0.999928236 10.951680183
0.999904037 0.008527474 -0.010919741 -0.164285794 -0.008463245 0.999946713 0.005914654 -0.189895242 0.010969596 -0.005821669 0.999922872 11.485058784
0.999907017 0.008015285 -0.011028348 -0.172251433 -0.007965567 0.999957919 0.004544570 -0.196475416 0.011064310 -0.004456300 0.999928832 12.024115562
