1.000000000 0.000000000 0.000000000 0.000000000 0.000000000 1.000000000 0.000000000 0.000000000 0.000000000 0.000000000 1.000000000 0.000000000
0.999999762 0.000673630 -0.000255212 -0.008734033 -0.000673291 0.999998868 0.001322363 -0.027017947 0.000256103 -0.001322191 0.999999106 1.426823378
0.999995410 0.002981676 -0.000505602 -0.018554561 -0.002980257 0.999991655 0.002783832 -0.054961421 0.000513898 -0.002782313 0.999995947 2.850992680
0.999991655 0.003973400 -0.000919983 -0.021391530 -0.003970823 0.999988198 0.002786371 -0.079357147 0.000931044 -0.002782695 0.999995708 4.286723137
0.999983907 0.005570802 -0.001075713 -0.028816896 -0.005568461 0.999982238 0.002166961 -0.108327970 0.001087765 -0.002160936 0.999997079 5.727509975
0.999974549 0.007009950 -0.001334349 -0.036554921 -0.007009170 0.999975264 0.000587836 -0.129648775 0.001338437 -0.000578468 0.999998868 7.152179718
0.999982297 0.005811645 -0.001287666 -0.049175460 -0.005812110 0.999983013 -0.000358088 -0.160161912 0.001285563 0.000365566 0.999999046 8.575601578
0.999993503 0.003382160 -0.001181250 -0.058481883 -0.003382323 0.999994278 -0.000136554 -0.192434937 0.001180781 0.000140549 0.999999285 9.991014481
0.999998391 -0.001663244 -0.000568885 -0.062600210 0.001663982 0.999997795 0.001299889 -0.219543830 0.000566721 -0.001300834 0.999998987 11.410383224
0.999811113 -0.019432953 0.000362399 -0.041764881 0.019430438 0.999793410 0.005989944 -0.244882345 -0.000478727 -0.005981773 0.999981999 12.847113609
0.999316812 -0.036945786 0.000945343 -0.020260639 0.036933634 0.999260902 0.010658583 -0.267714262 -0.001338433 -0.010616384 0.999942660 14.253974915
0.999251187 -0.038688127 0.000388602 -0.010101607 0.038685102 0.999233663 0.005985684 -0.289519548 -0.000619879 -0.005966169 0.999981999 15.648827553
0.999628901 -0.027064908 0.003097902 -0.026895877 0.027076557 0.999626219 -0.003783597 -0.314723074 -0.002994342 0.003866073 0.999987960 17.030227661
0.999839604 -0.017097568 0.005331456 -0.039696880 0.017139675 0.999821484 -0.007954788 -0.346335292 -0.005194496 0.008044892 0.999954164 18.429067612
0.999926925 -0.009456265 0.007531794 -0.047368675 0.009478285 0.999950826 -0.002893160 -0.384960532 -0.007504067 0.002964337 0.999967456 19.838134766
0.999870658 -0.013443493 0.008827801 -0.035246223 0.013403211 0.999899566 0.004606519 -0.412395805 -0.008888843 -0.004487604 0.999950349 21.257204056
0.999689758 -0.022892656 0.009815400 -0.013866410 0.022829417 0.999718130 0.006507359 -0.441593409 -0.009961606 -0.006281261 0.999930680 22.649845123
0.999399483 -0.032843698 0.011045867 0.014698327 0.032808863 0.999456108 0.003319463 -0.466814935 -0.011148880 -0.002955067 0.999933481 24.031661987
0.999102950 -0.040267032 0.013109513 0.042875022 0.040254425 0.999188721 0.001223978 -0.498191059 -0.013148161 -0.000695164 0.999913335 25.421560287
0.999045014 -0.041116964 0.014775080 0.065768868 0.041114606 0.999154329 0.000463688 -0.523320496 -0.014781651 0.000144227 0.999890745 26.803703308
0.999075174 -0.039862689 0.016118787 0.085813046 0.039834630 0.999204159 0.002057699 -0.551220894 -0.016187984 -0.001413710 0.999867976 28.177539825
0.999058008 -0.039757628 0.017389100 0.107726932 0.039698686 0.999204755 0.003721445 -0.577973187 -0.017523229 -0.003027615 0.999841809 29.555629730
0.999040067 -0.039293248 0.019360360 0.127660692 0.039212201 0.999220490 0.004548310 -0.608932972 -0.019523986 -0.003784782 0.999802232 30.921665192
0.999052167 -0.038122945 0.021005796 0.154267669 0.038061950 0.999269962 0.003295812 -0.633689046 -0.021116100 -0.002493167 0.999773920 32.283454895
0.998979092 -0.038782023 0.023161313 0.182903528 0.038747121 0.999247134 0.001954262 -0.662549615 -0.023219666 -0.001054834 0.999729753 33.641014099
0.999130487 -0.033398271 0.024955772 0.209639370 0.033435289 0.999440312 -0.001067428 -0.691195607 -0.024906153 0.001900903 0.999687970 34.990108490
0.999252856 -0.027874729 0.026771996 0.232432723 0.027985873 0.999601126 -0.003785941 -0.725256860 -0.026655793 0.004532351 0.999634326 36.339298248
0.999280393 -0.024507375 0.028947134 0.261984885 0.024609124 0.999692142 -0.003163832 -0.757727027 -0.028860681 0.003873919 0.999575853 37.692146301
0.999278724 -0.022943733 0.030256601 0.298516631 0.022926386 0.999736726 0.000920133 -0.790343165 -0.030269746 -0.000225795 0.999541879 39.050163269
0.999248564 -0.021274300 0.032396737 0.333364546 0.021176353 0.999770105 0.003363470 -0.820266902 -0.032460835 -0.002674898 0.999469340 40.400020599
0.999191642 -0.020990714 0.034285299 0.373465419 0.020944292 0.999779165 0.001712790 -0.842794895 -0.034313682 -0.000993324 0.999410629 41.737003326
0.999115050 -0.022030601 0.035827417 0.421421766 0.022052145 0.999756813 -0.000206148 -0.867787898 -0.035814155 0.000996037 0.999358118 43.073436737
0.999012351 -0.023977743 0.037409052 0.474642158 0.024027416 0.999710917 -0.000878773 -0.895625532 -0.037377167 0.001776748 0.999299645 44.388389587
0.998822868 -0.027820388 0.039733294 0.527824879 0.027804375 0.999612927 0.000955724 -0.926779568 -0.039744500 0.000150160 0.999209881 45.719295502
0.998626828 -0.030962856 0.042261325 0.584691882 0.030862955 0.999518991 0.003014495 -0.952103734 -0.042334341 -0.001706046 0.999102056 47.045051575
0.998338580 -0.035823788 0.045130149 0.647654295 0.035677005 0.999355137 0.004054001 -0.976217508 -0.045246277 -0.002437157 0.998972893 48.375415802
0.998060107 -0.039843224 0.047839023 0.712922335 0.039616898 0.999198854 0.005670460 -0.998721719 -0.048026636 -0.003764226 0.998838961 49.698291779
0.997892737 -0.040440015 0.050741058 0.779458642 0.040112019 0.999167204 0.007466395 -1.016689301 -0.051000748 -0.005415335 0.998683929 51.025386810
0.997660756 -0.042227797 0.053756811 0.853500485 0.041958824 0.999100566 0.006122661 -1.034692764 -0.053967018 -0.003852766 0.998535275 52.335494995
0.997621953 -0.037547380 0.057798427 0.916413069 0.037588265 0.999293268 0.000380066 -1.060269833 -0.057771847 0.001793380 0.998328209 53.631778717
0.997765422 -0.026868235 0.061174087 0.980756998 0.027539689 0.999569058 -0.010159450 -1.096577048 -0.060874768 0.011821463 0.998075426 54.936920166
0.997720361 -0.018535333 0.064888954 1.050008297 0.019687351 0.999658942 -0.017159451 -1.138408899 -0.064548753 0.018397827 0.997744858 56.243438721
0.997573137 -0.014380647 0.068123825 1.131572485 0.015091568 0.999836802 -0.009932557 -1.176635027 -0.067969859 0.010936548 0.997627437 57.572074890
0.997429073 -0.012219978 0.070610084 1.221081257 0.012013637 0.999922156 0.003346253 -1.205884218 -0.070645459 -0.002489366 0.997498393 58.899974823
0.997239053 -0.012606939 0.073180266 1.319317579 0.011880822 0.999875784 0.010349171 -1.226965070 -0.073301658 -0.009451155 0.997265041 60.214931488
0.997020543 -0.013110673 0.076014243 1.417406797 0.012437331 0.999879181 0.009324752 -1.241640806 -0.076127321 -0.008351555 0.997063041 61.508708954
0.996829748 -0.014003558 0.078322068 1.519165516 0.013764218 0.999898732 0.003594892 -1.262267232 -0.078364491 -0.002505454 0.996921539 62.791007996
0.996590078 -0.014387511 0.081247702 1.616727114 0.014488104 0.999894857 -0.000648671 -1.291349530 -0.081229806 0.001823584 0.996693730 64.071456909
0.996396601 -0.015287245 0.083426282 1.723459005 0.015336465 0.999882400 0.000050859 -1.318690300 -0.083417237 0.001228788 0.996513963 65.362312317
0.996397793 -0.015753590 0.083326228 1.831274509 0.015479180 0.999872446 0.003938247 -1.344774961 -0.083377659 -0.002634240 0.996514559 66.648704529
0.996530831 -0.013222368 0.082167290 1.930485964 0.012576403 0.999885857 0.008374188 -1.363910437 -0.082268663 -0.007311768 0.996583283 67.932182312
0.996763527 -0.004623024 0.080258086 2.017679214 0.003650047 0.999918103 0.012265585 -1.375505447 -0.080308236 -0.011932944 0.996698558 69.204704285
0.997016788 0.003354275 0.077112257 2.104144335 -0.004563652 0.999869287 0.015512452 -1.381501317 -0.077050142 -0.015818089 0.996901751 70.473434448
0.997151017 0.010847418 0.074647009 2.179715633 -0.011649365 0.999878943 0.010316146 -1.398291349 -0.074526079 -0.011156347 0.997156799 71.726989746
0.997290671 0.013712693 0.072272435 2.254478216 -0.013404973 0.999898911 -0.004741122 -1.423598766 -0.072330125 0.003759467 0.997373641 72.971710205
0.997564435 0.009879390 0.069049589 2.342183352 -0.008723275 0.999817014 -0.017024789 -1.466434002 -0.069205157 0.016380982 0.997467935 74.210144043
0.997820556 0.004209948 0.065851316 2.428263426 -0.002891130 0.999793589 -0.020109681 -1.517101884 -0.065922387 0.019875467 0.997626722 75.455963135
0.997994304 0.001722136 0.063280620 2.506081343 -0.000832968 0.999900520 -0.014074889 -1.561011672 -0.063298561 0.013993948 0.997896433 76.722915649
0.998169482 0.002852541 0.060411304 2.575696707 -0.002637967 0.999989927 -0.003631345 -1.600279570 -0.060421061 0.003465334 0.998166978 77.991271973
0.998293459 0.006956079 0.057979360 2.631053686 -0.007172481 0.999968052 0.003525111 -1.625927091 -0.057952981 -0.003934951 0.998311579 79.249389648
0.998419464 0.010487542 0.055212673 2.687749863 -0.010798691 0.999927461 0.005340098 -1.646974325 -0.055152666 -0.005927884 0.998460352 80.492210388
0.998568296 0.012089468 0.052106138 2.743587971 -0.012275201 0.999919415 0.003245993 -1.666940212 -0.052062698 -0.003880959 0.998636305 81.720947266
0.998705924 0.014040075 0.048880510 2.790287495 -0.014165508 0.999897122 0.002220650 -1.688012362 -0.048844315 -0.002910194 0.998802185 82.948158264
0.998864293 0.015547947 0.045036998 2.839953899 -0.015702726 0.999871969 0.003084890 -1.709483385 -0.044983268 -0.003788590 0.998980582 84.178855896
0.999018908 0.014561132 0.041823912 2.885679007 -0.014653455 0.999890745 0.001901730 -1.732727647 -0.041791651 -0.002512729 0.999123335 85.414062500
0.999149561 0.011849739 0.039491281 2.923381329 -0.011786767 0.999929011 -0.001826995 -1.762289286 -0.039510131 0.001359967 0.999218166 86.629249573
0.999312162 0.008801962 0.036021542 2.965284109 -0.008641961 0.999952018 -0.004595119 -1.790735841 -0.036060259 0.004280662 0.999340475 87.844001770
0.999461591 0.004822258 0.032453697 3.004273415 -0.004702697 0.999981880 -0.003759376 -1.817073703 -0.032471240 0.003604733 0.999466181 89.069801331
0.999565125 0.001179560 0.029462529 3.040002346 -0.001129634 0.999997914 -0.001711161 -1.850025177 -0.029464485 0.001677135 0.999564350 90.278076172
0.999643505 0.000357155 0.026698016 3.072495461 -0.000334398 0.999999583 -0.000856872 -1.873662591 -0.026698316 0.000847639 0.999643207 91.483749390
0.999695122 0.000649438 0.024682686 3.090895891 -0.000651279 0.999999702 0.000066572 -1.902131438 -0.024682634 -0.000082627 0.999695480 92.697479248
0.999718368 0.003962001 0.023398314 3.105845928 -0.003980257 0.999991834 0.000733719 -1.930068851 -0.023395216 -0.000826643 0.999725878 93.901695251
0.999728441 0.006302168 0.022431985 3.129819393 -0.006358252 0.999976754 0.002429790 -1.952904463 -0.022416150 -0.002571759 0.999745429 95.111000061
0.999712169 0.009812389 0.021889178 3.146794319 -0.009905928 0.999942243 0.004169041 -1.972106457 -0.021847004 -0.004384673 0.999751627 96.306678772
0.999723315 0.009816064 0.021376589 3.168714046 -0.009920054 0.999939442 0.004764029 -1.993758202 -0.021328531 -0.004974769 0.999760151 97.495964050
0.999730468 0.010376030 0.020769112 3.192021132 -0.010426671 0.999942839 0.002331348 -2.019143343 -0.020743735 -0.002547272 0.999781728 98.669227600
0.999743879 0.009618161 0.020487057 3.214748383 -0.009608498 0.999953687 -0.000569972 -2.045061827 -0.020491591 0.000372976 0.999789953 99.838066101
0.999756694 0.008053277 0.020536512 3.233143330 -0.008049842 0.999967575 -0.000249906 -2.069131136 -0.020537859 0.000084529 0.999789059 101.008666992
0.999765098 0.005853136 0.020864174 3.255386829 -0.005964043 0.999968410 0.005257459 -2.091116905 -0.020832743 -0.005380658 0.999768496 102.180397034
0.999749720 0.004548901 0.021904973 3.275604010 -0.004768108 0.999938905 0.009965328 -2.110764742 -0.021858303 -0.010067279 0.999710321 103.350044250
0.999708951 0.007673590 0.022872966 3.292861462 -0.007892560 0.999923766 0.009498489 -2.129108191 -0.022798337 -0.009676250 0.999693394 104.498184204
0.999681532 0.008535367 0.023754422 3.316319466 -0.008669727 0.999946892 0.005558903 -2.150485039 -0.023705713 -0.005763076 0.999702394 105.624046326
0.999663174 0.007141578 0.024951046 3.346313953 -0.007230930 0.999967754 0.003492720 -2.172385454 -0.024925301 -0.003671962 0.999682486 106.753646851
0.999626637 0.007854547 0.026170306 3.373770237 -0.007963454 0.999960065 0.004059780 -2.189896584 -0.026137374 -0.004266670 0.999649167 107.877418518
0.999595404 0.007760928 0.027369194 3.398962736 -0.007951856 0.999944746 0.006874071 -2.217301846 -0.027314333 -0.007088925 0.999601901 108.970520020
0.999598563 0.006314411 0.027624222 3.427871227 -0.006544448 0.999944508 0.008244843 -2.235310316 -0.027570629 -0.008422317 0.999584377 110.062065125
0.999579370 0.004544279 0.028640196 3.462742567 -0.004778480 0.999955595 0.008114183 -2.256364107 -0.028602052 -0.008247625 0.999556780 111.146232605
0.999560118 0.004269395 0.029349640 3.492681742 -0.004484724 0.999963462 0.007274782 -2.277771711 -0.029317506 -0.007403207 0.999542713 112.205673218
0.999530971 0.006656069 0.029889196 3.514599323 -0.006846699 0.999956846 0.006280116 -2.296226740 -0.029846104 -0.006481814 0.999533474 113.252639771
0.999515653 0.006172176 0.030499695 3.544014454 -0.006349522 0.999963403 0.005721259 -2.316296816 -0.030463267 -0.005912147 0.999518394 114.285148621
0.999503732 0.007359604 0.030628964 3.572543144 -0.007521851 0.999958277 0.005185351 -2.338432312 -0.030589528 -0.005413167 0.999517381 115.310043335
0.999468803 0.007573941 0.031698205 3.598062992 -0.007737536 0.999957383 0.005041558 -2.361499071 -0.031658661 -0.005284145 0.999484777 116.323760986
0.999465525 0.007778305 0.031751253 3.627314568 -0.007926875 0.999958217 0.004556026 -2.385041237 -0.031714488 -0.004805279 0.999485433 117.308174133
0.999432027 0.008271772 0.032665383 3.650217295 -0.008410958 0.999956131 0.004125799 -2.404575825 -0.032629818 -0.004398204 0.999457836 118.286621094
0.999394953 0.009703967 0.033399757 3.673991442 -0.009855820 0.999941826 0.004384968 -2.427744389 -0.033355266 -0.004711499 0.999432385 119.248390198
0.999411881 0.008894617 0.033117551 3.708501816 -0.009086709 0.999942660 0.005654289 -2.447165251 -0.033065364 -0.005951894 0.999435484 120.192817688
0.999427259 0.005863793 0.033332031 3.739315271 -0.006116318 0.999953330 0.007479116 -2.466544867 -0.033286624 -0.007678702 0.999416351 121.124084473
0.999402106 0.005241297 0.034173429 3.767586946 -0.005552914 0.999943793 0.009030190 -2.487756252 -0.034124166 -0.009214554 0.999375105 122.042114258
0.999367416 0.006571873 0.034951419 3.791942835 -0.006927815 0.999925256 0.010072583 -2.500349045 -0.034882609 -0.010308348 0.999338269 122.937225342
0.999324679 0.007588177 0.035950374 3.813404799 -0.008009792 0.999900579 0.011598280 -2.516238451 -0.035858791 -0.011878401 0.999286413 123.813552856
0.999302626 0.007870874 0.036501560 3.843953133 -0.008348629 0.999881148 0.012954668 -2.531062126 -0.036395263 -0.013250371 0.999249637 124.676048279
0.999270976 0.008887007 0.037128776 3.872107506 -0.009327048 0.999888122 0.011695328 -2.548489094 -0.037020683 -0.012033101 0.999242067 125.514450073
0.999216735 0.010932405 0.038029581 3.895917892 -0.011304391 0.999890208 0.009580241 -2.564829826 -0.037920669 -0.010002639 0.999230683 126.329185486
0.999145210 0.014444537 0.038730197 3.919316769 -0.014733618 0.999865532 0.007188887 -2.577958584 -0.038621143 -0.007753379 0.999223769 127.131637573
0.999108016 0.014919952 0.039504372 3.945178986 -0.015206204 0.999860108 0.006955556 -2.594609261 -0.039395068 -0.007550062 0.999195337 127.916519165
0.999123394 0.012689870 0.039893091 3.973198175 -0.013024946 0.999881864 0.008150644 -2.607793808 -0.039784949 -0.008663103 0.999170721 128.691665649
0.999132216 0.010295747 0.040356424 4.004193783 -0.010703579 0.999893606 0.009902671 -2.625016689 -0.040250171 -0.010326035 0.999136269 129.447769165
0.999097586 0.010431643 0.041172531 4.027984619 -0.010886460 0.999881923 0.010837858 -2.640995979 -0.041054621 -0.011276302 0.999093294 130.183853149
0.999081016 0.011325317 0.041338243 4.053423882 -0.011809058 0.999864399 0.011476579 -2.652578354 -0.041202672 -0.011954198 0.999079287 130.898895264
0.999086320 0.010739245 0.041366007 4.080070019 -0.011266363 0.999858022 0.012530806 -2.664072275 -0.041225560 -0.012985400 0.999065459 131.605224609
0.999112606 0.007571231 0.041432492 4.113088608 -0.008183620 0.999859393 0.014630807 -2.672985792 -0.041315906 -0.014956890 0.999034166 132.290145874
0.999118149 0.006410762 0.041495360 4.139745235 -0.007019258 0.999869704 0.014535169 -2.682299614 -0.041396774 -0.014813620 0.999032974 132.954345703
0.999098122 0.005942459 0.042042959 4.165711880 -0.006464254 0.999903560 0.012285935 -2.695425510 -0.041965894 -0.012546629 0.999040186 133.604003906
0.999071598 0.007384336 0.042442974 4.191881657 -0.007803703 0.999922276 0.009723551 -2.706816673 -0.042367864 -0.010045733 0.999051571 134.246932983
0.999056101 0.009062874 0.042482346 4.211366177 -0.009357506 0.999933481 0.006741690 -2.719907045 -0.042418428 -0.007132855 0.999074399 134.869506836
0.999009907 0.010084057 0.043330707 4.231845856 -0.010285039 0.999937356 0.004417947 -2.731508732 -0.043283444 -0.004859230 0.999051034 135.482238770
0.998983264 0.008536121 0.044267017 4.259042740 -0.008746831 0.999951243 0.004568395 -2.742327452 -0.044225864 -0.004950945 0.999009311 136.080184937
0.998957753 0.008099504 0.044920560 4.285889626 -0.008380897 0.999946415 0.006079443 -2.753503799 -0.044868913 -0.006449583 0.998972058 136.666351318
0.998892605 0.010017830 0.045972735 4.311014175 -0.010339463 0.999923587 0.006763723 -2.764220476 -0.045901470 -0.007231565 0.998919785 137.237625122
0.998754442 0.013295254 0.048089948 4.330614090 -0.013654438 0.999881208 0.007148280 -2.775704861 -0.047989193 -0.007796019 0.998817444 137.795928955
0.998664021 0.012829884 0.050054099 4.354419231 -0.013233391 0.999882638 0.007738375 -2.786132574 -0.049948931 -0.008390424 0.998716533 138.343765259
0.998641431 0.008396542 0.051427901 4.390050888 -0.008797204 0.999932647 0.007569347 -2.798934698 -0.051360872 -0.008011486 0.998648167 138.868637085
0.998542130 0.002478050 0.053923719 4.425183296 -0.002795077 0.999979258 0.005804550 -2.811328888 -0.053908225 -0.005946808 0.998528183 139.379867554
0.998401344 0.000192534 0.056522042 4.460503578 -0.000433863 0.999990821 0.004257400 -2.822798491 -0.056520704 -0.004275117 0.998392284 139.875778198
0.998250544 0.003157262 0.059040066 4.484824181 -0.003400594 0.999986053 0.004021448 -2.833235741 -0.059026547 -0.004215184 0.998247504 140.360794067
0.998106182 0.003570426 0.061410945 4.511951923 -0.003831013 0.999984145 0.004126113 -2.842563152 -0.061395232 -0.004353564 0.998104036 140.835144043
0.997944951 0.000568735 0.064074889 4.547651291 -0.000880688 0.999987900 0.004840437 -2.851053953 -0.064071350 -0.004886921 0.997933269 141.294601440
0.997763157 -0.007296934 0.066449098 4.592239380 0.006896633 0.999956608 0.006251567 -2.859935045 -0.066491835 -0.005779309 0.997770250 141.739151001
0.997587204 -0.009797624 0.068729497 4.632135868 0.009182990 0.999915004 0.009253100 -2.867137432 -0.068814315 -0.008599632 0.997592449 142.174987793
0.997377932 -0.010719880 0.071570717 4.664488792 0.009976921 0.999892652 0.010730216 -2.874108315 -0.071678042 -0.009988026 0.997377813 142.606307983
0.997224748 -0.007980839 0.074019894 4.696629524 0.007137821 0.999906719 0.011646648 -2.879904270 -0.074105911 -0.011085983 0.997188747 143.025527954
0.996873438 -0.009983827 0.078380503 4.765370369 0.008986698 0.999874294 0.013064084 -2.893798351 -0.078501090 -0.012318855 0.996837914 143.821624756
0.996682227 -0.013933023 0.080188736 4.808929920 0.012961297 0.999836206 0.012625811 -2.898825407 -0.080351532 -0.011544571 0.996699750 144.230804443
0.996559322 -0.015012031 0.081513412 4.843830585 0.014189331 0.999842405 0.010662778 -2.907304764 -0.081660628 -0.009469468 0.996615231 144.604522705
0.996460736 -0.012694933 0.083095521 4.874281406 0.011903589 0.999878943 0.010011860 -2.909601688 -0.083212562 -0.008987291 0.996491432 144.975280762
0.996322870 -0.009477953 0.085152484 4.900033951 0.008622789 0.999908686 0.010404937 -2.911673069 -0.085243315 -0.009632424 0.996313512 145.338729858
0.996268988 -0.007483779 0.085977025 4.929524899 0.006641903 0.999927342 0.010073738 -2.913309336 -0.086046167 -0.009465103 0.996246219 145.690628052
0.996086180 -0.009382539 0.087887958 4.964921474 0.008702969 0.999929249 0.008112214 -2.919354200 -0.087957852 -0.007315575 0.996097326 146.040771484
0.995726705 -0.016504960 0.090862319 5.045937538 0.016273491 0.999862194 0.003287789 -2.939343214 -0.090904072 -0.001795092 0.995857954 146.729171753
0.995447397 -0.020315735 0.093122371 5.084895134 0.020102901 0.999792635 0.003223123 -2.944674969 -0.093168512 -0.001336421 0.995649457 147.098571777
0.995238602 -0.020965030 0.095186532 5.123636246 0.020706328 0.999778748 0.003704857 -2.954479933 -0.095243149 -0.001716253 0.995452583 147.432922363
0.995066345 -0.018884541 0.097397096 5.156148911 0.018759565 0.999821603 0.002198850 -2.959145784 -0.097421236 -0.000360875 0.995243311 147.775222778
0.994949818 -0.015232321 0.099210948 5.188843727 0.015498863 0.999878049 -0.001916352 -2.963520050 -0.099169657 0.003444331 0.995064557 148.119873047
0.994645000 -0.017265296 0.101897404 5.225878716 0.018101649 0.999809563 -0.007288796 -2.971662521 -0.101752184 0.009094276 0.994768202 148.465423584
0.994292140 -0.016281525 0.105442017 5.307632446 0.017300883 0.999811947 -0.008759973 -2.990080118 -0.105279565 0.010534215 0.994386852 149.182189941
0.994122446 -0.011628713 0.107635222 5.346679688 0.012140369 0.999917924 -0.004099529 -2.993900537 -0.107578717 0.005382165 0.994181991 149.568405151
0.993890882 -0.007708997 0.110097714 5.384213448 0.007691198 0.999970257 0.000586355 -2.995667219 -0.110098988 0.000264010 0.993920505 149.949737549
0.993575573 -0.007649811 0.112911150 5.434406281 0.007297688 0.999967158 0.003531563 -2.995657682 -0.112934448 -0.002684885 0.993598819 150.344635010
0.993089557 -0.012039737 0.116739258 5.489458084 0.011540646 0.999921143 0.004950274 -2.999642611 -0.116789639 -0.003568820 0.993150175 150.744796753
0.992559552 -0.018459970 0.120352909 5.557413101 0.017957332 0.999825060 0.005259637 -3.010535955 -0.120428897 -0.003059286 0.992717385 151.142578125
0.991948187 -0.023194356 0.124502234 5.623846054 0.022757491 0.999728858 0.004930153 -3.025812387 -0.124582812 -0.002057097 0.992207229 151.542694092
0.990439177 -0.008628138 0.137680084 5.682685852 0.009026241 0.999956608 -0.002267404 -3.059103251 -0.137654558 0.003488459 0.990474164 152.165298462
0.989571333 0.001389421 0.144037902 5.744583130 -0.000197108 0.999965608 -0.008291710 -3.061479568 -0.144044489 0.008176845 0.989537418 152.593017578
0.988354564 0.005084353 0.152083606 5.811376572 -0.003038394 0.999901772 -0.013682234 -3.064851284 -0.152138218 0.013060810 0.988272846 153.008773804
0.987088501 0.002513926 0.160156071 5.896022797 0.000259958 0.999850392 -0.017296569 -3.075538635 -0.160175592 0.017114880 0.986940145 153.432891846
0.985557497 -0.001678424 0.169332296 5.989118576 0.004879790 0.999817133 -0.018491425 -3.090170860 -0.169270307 0.019050671 0.985385537 153.858596802
0.983781993 -0.002421524 0.179351822 6.082231522 0.005688018 0.999827147 -0.017700754 -3.109134197 -0.179278001 0.018433837 0.983625650 154.287551880
0.981642663 0.001125077 0.190725937 6.175777435 0.001770868 0.999885738 -0.015012682 -3.123374462 -0.190721035 0.015074840 0.981528521 154.728790283
0.979521096 0.003291526 0.201314807 6.275337219 -0.000491415 0.999902487 -0.013957512 -3.134499073 -0.201341078 0.013572745 0.979427159 155.165252686
0.976777136 0.002551752 0.214242637 6.387508392 0.000769858 0.999880850 -0.015419095 -3.148216724 -0.214256480 0.015225953 0.976658762 155.600723267
0.973641574 0.000056414 0.228083506 6.510089874 0.003820414 0.999855578 -0.016555861 -3.165507555 -0.228051528 0.016990848 0.973500729 156.042190552
0.966375947 0.003361661 0.257111341 6.733448029 0.001441991 0.999827981 -0.018492326 -3.223723888 -0.257129312 0.018241288 0.966204762 156.873809814
0.961631835 0.010293843 0.274150014 6.884899139 -0.004483317 0.999752164 -0.021812834 -3.232976437 -0.274306625 0.019746820 0.961439550 157.341430664
0.956841767 0.014780276 0.290233254 7.031017303 -0.008157859 0.999678314 -0.024014283 -3.245882273 -0.290494829 0.020610183 0.956654549 157.776565552
0.951776862 0.012481465 0.306537122 7.198364258 -0.005168345 0.999682605 -0.024657341 -3.261329412 -0.306747586 0.021884002 0.951539278 158.213272095
0.945711613 0.007608219 0.324917644 7.379344940 0.000143821 0.999715984 -0.023827797 -3.278935432 -0.325006723 0.022580950 0.945442080 158.643890381
0.939280212 0.005488444 0.343107164 7.567619324 0.001882838 0.999774516 -0.021147091 -3.295120478 -0.343145967 0.020509057 0.939058185 159.077255249
0.932444036 0.006379689 0.361258179 7.757789612 -0.000047690 0.999846280 -0.017533837 -3.314565420 -0.361314505 0.016332092 0.932300985 159.509353638
0.924616814 0.009868903 0.380770534 7.949794769 -0.004162647 0.999866426 -0.015806718 -3.331773281 -0.380875647 0.013030144 0.924534440 159.936691284
0.907365024 0.013142318 0.420138150 8.137660980 -0.006944498 0.999843299 -0.016278137 -3.411972523 -0.420286208 0.011852563 0.907314181 160.541015625
0.896906972 0.012871805 0.442032129 8.366893768 -0.005877767 0.999835014 -0.017188506 -3.428586721 -0.442180574 0.012818322 0.896834493 160.954025269
0.885898888 0.014841512 0.463640690 8.610363007 -0.006874382 0.999798477 -0.018869149 -3.445830822 -0.463827342 0.013528920 0.885822356 161.360015869
0.873729408 0.025756940 0.485729814 8.854198456 -0.016242299 0.999584973 -0.023788696 -3.463614464 -0.486141026 0.012895515 0.873785138 161.763244629
0.860304058 0.033012830 0.508711219 9.109626770 -0.021596065 0.999365389 -0.028331785 -3.484553814 -0.509323597 0.013387795 0.860470951 162.160079956
0.830729902 0.032851867 0.555705488 9.429595947 -0.017211534 0.999295652 -0.033346068 -3.552895069 -0.556409538 0.018137028 0.830710232 162.825088501
0.814630091 0.027718568 0.579318166 9.743499756 -0.008541384 0.999322355 -0.035803661 -3.578574896 -0.579917967 0.024218569 0.814314783 163.194259644
0.797479331 0.026163254 0.602778733 10.070854187 -0.004669597 0.999297082 -0.037196007 -3.602614880 -0.603328168 0.026848307 0.797040939 163.559310913
0.777468503 0.029459538 0.628231704 10.403129578 -0.008721397 0.999311328 -0.036067329 -3.626695156 -0.628861427 0.022562154 0.777189851 163.927856445
0.757641077 0.033602681 0.651805818 10.742446899 -0.014463386 0.999292850 -0.034704924 -3.652513981 -0.652511120 0.016866552 0.757591426 164.282623291
0.737871647 0.032116186 0.674176514 11.108581543 -0.012535162 0.999346972 -0.033887088 -3.681335926 -0.674824655 0.016553406 0.737792432 164.628875732
0.717194796 0.026257548 0.696377933 11.489959717 -0.003542273 0.999414265 -0.034035642 -3.709653854 -0.696863770 0.021943424 0.716867745 164.945739746
0.695436001 0.022253241 0.718243420 11.884132385 0.004562978 0.999363482 -0.035381231 -3.735469818 -0.718573570 0.027882712 0.694891810 165.255905151
0.672786653 0.021260804 0.739531040 12.284667969 0.009480142 0.999257207 -0.037352215 -3.761538982 -0.739775836 0.032140929 0.672085345 165.556640625
0.648990631 0.023660824 0.760428369 12.689529419 0.010564432 0.999139488 -0.040104620 -3.785294533 -0.760723054 0.034061015 0.648182333 165.853622437
0.624237835 0.026177924 0.780795574 13.109840393 0.008247340 0.999161839 -0.040092811 -3.809920073 -0.781190693 0.031466935 0.623498857 166.143829346
0.599204779 0.026068551 0.800171196 13.542510986 0.006351005 0.999283493 -0.037311304 -3.835248947 -0.800570488 0.027439000 0.598609984 166.423385620
0.574359655 0.021209268 0.818328261 13.994842529 0.010445938 0.999392927 -0.033233754 -3.859523773 -0.818536401 0.027636332 0.573789477 166.684188843
0.548358619 0.014629969 0.836115301 14.455284119 0.018325690 0.999396622 -0.029505735 -3.881317616 -0.836042464 0.031502113 0.547759652 166.928344727
0.522541702 0.009348966 0.852562487 14.924858093 0.025375107 0.999326408 -0.026510922 -3.903522253 -0.852236032 0.035486929 0.521952510 167.155807495
0.495836169 0.009418860 0.868364990 15.399810791 0.025726739 0.999342978 -0.025529495 -3.928056955 -0.868034899 0.034998648 0.495268077 167.379760742
0.467382282 0.012148625 0.883971870 15.881011963 0.022020351 0.999435365 -0.025378287 -3.951035976 -0.883780956 0.031326730 0.466850817 167.598907471
0.438899845 0.014600752 0.898417354 16.374923706 0.017383765 0.999542832 -0.024736622 -3.972692966 -0.898367822 0.026474776 0.438445389 167.805725098
0.410657108 0.014832292 0.911669075 16.879058838 0.018448107 0.999527752 -0.024571555 -3.990869045 -0.911603212 0.026909059 0.410189450 167.992477417
0.382289916 0.016178422 0.923900723 17.393032074 0.020588657 0.999449372 -0.026020486 -4.009064198 -0.923813045 0.028969247 0.381746292 168.156250000
0.338536680 0.020432523 0.940731466 17.890277863 0.013559605 0.999554396 -0.026589790 -4.093679428 -0.940855503 0.021757562 0.338108808 168.411270142
0.307750195 0.024641423 0.951148033 18.422195435 0.015517626 0.999401629 -0.030912356 -4.116110325 -0.951340556 0.024272846 0.307183713 168.557373047
0.279045463 0.027154844 0.959893882 18.970256805 0.018051870 0.999275148 -0.033516679 -4.140207291 -0.960108221 0.026680561 0.278352976 168.676361084
0.250142157 0.030473737 0.967729449 19.523689270 0.016014187 0.999237597 -0.035605323 -4.163704872 -0.968076646 0.024403794 0.249463424 168.787689209
0.221602693 0.033143841 0.974573612 20.087894440 0.010076476 0.999290943 -0.036275670 -4.187233448 -0.975084960 0.017859049 0.221111611 168.892105103
0.194719404 0.032395221 0.980324030 20.659439087 0.006063286 0.999395609 -0.034229793 -4.212566376 -0.980840266 0.012609188 0.194405288 168.982131958
0.168993190 0.028800091 0.985196352 21.247615814 0.008869454 0.999487996 -0.030739281 -4.242371082 -0.985577226 0.013932886 0.168651253 169.046798706
0.143941149 0.026588051 0.989229023 21.840787888 0.013629178 0.999490857 -0.028847028 -4.269238472 -0.989492416 0.017634651 0.143505529 169.093185425
0.119779907 0.025514523 0.992472470 22.437028885 0.014692313 0.999514699 -0.027468750 -4.295609474 -0.992691755 0.017871922 0.119346917 169.136154175
0.096392453 0.024033114 0.995053232 23.044584274 0.011325094 0.999617279 -0.025240432 -4.317437172 -0.995278895 0.013702062 0.096083395 169.174407959
0.074066050 0.021291951 0.997026026 23.658485413 0.005186392 0.999750316 -0.021735411 -4.337423801 -0.997239769 0.006780823 0.073937118 169.208221436
0.053275608 0.017270053 0.998430490 24.284515381 0.002460367 0.999845147 -0.017425805 -4.354516506 -0.998576820 0.003384875 0.053224865 169.226287842
0.032846719 0.013290481 0.999372005 24.914314270 0.002932036 0.999906003 -0.013393950 -4.375051975 -0.999456108 0.003370143 0.032804660 169.225540161
0.012613120 0.010835079 0.999861658 25.544742584 0.005932179 0.999922872 -0.010910573 -4.395582676 -0.999902844 0.006068976 0.012547874 169.209518433
-0.006864728 0.010819066 0.999917924 26.190912247 0.007533252 0.999913573 -0.010767302 -4.412022591 -0.999948084 0.007458718 -0.006945639 169.183715820
-0.025500303 0.012266706 0.999599695 26.833942413 0.008276713 0.999893010 -0.012059163 -4.431669235 -0.999640465 0.007965890 -0.025599109 169.146484375
-0.042567506 0.014155995 0.998993278 27.485420227 0.009989278 0.999855697 -0.013742570 -4.453204155 -0.999043584 0.009394234 -0.042702764 169.101135254
-0.057776030 0.016396157 0.998195052 28.154388428 0.012314286 0.999800682 -0.015709773 -4.473856926 -0.998253644 0.011384410 -0.057966433 169.048248291
-0.070645586 0.018795602 0.997324407 28.819385529 0.012457320 0.999761105 -0.017959109 -4.497014046 -0.997423708 0.011155259 -0.070862852 168.989547729
-0.081424303 0.021569522 0.996446133 29.487417221 0.011131411 0.999723136 -0.020730862 -4.522535324 -0.996617377 0.009403856 -0.081641860 168.925186157
-0.091414347 0.022527261 0.995558023 30.164039612 0.010799443 0.999707639 -0.021629527 -4.545967579 -0.995754302 0.008774224 -0.091630913 168.856704712
-0.100066908 0.022794511 0.994719565 30.851257324 0.011132334 0.999700606 -0.021788763 -4.570440769 -0.994918346 0.008893217 -0.100290716 168.780380249
-0.108176872 0.021229526 0.993904889 31.544017792 0.010116731 0.999743700 -0.020253131 -4.595612049 -0.994080186 0.007864148 -0.108363912 168.701171875
-0.116648793 0.018404493 0.993002713 32.240097046 0.006450755 0.999821246 -0.017773096 -4.620258808 -0.993152261 0.004332406 -0.116746664 168.619918823
-0.124496624 0.016545774 0.992082059 32.957881927 0.004557430 0.999859869 -0.016103586 -4.641851902 -0.992209494 0.002516503 -0.124554619 168.530853271
-0.131780669 0.015919350 0.991150975 33.676628113 0.006343249 0.999864101 -0.015215917 -4.663530350 -0.991258621 0.004281954 -0.131863713 168.430114746
-0.139346689 0.016167047 0.990111589 34.394805908 0.009339441 0.999843717 -0.015011537 -4.686839581 -0.990199625 0.007155280 -0.139475927 168.320785522
-0.147097856 0.016462943 0.988985062 35.115486145 0.010692813 0.999829531 -0.015053059 -4.708768368 -0.989064157 0.008360758 -0.147248790 168.209091187
-0.154519469 0.016441928 0.987852931 35.839012146 0.011286240 0.999825776 -0.014875812 -4.729890823 -0.987925291 0.008850546 -0.154678091 168.092102051
-0.161894113 0.015640654 0.986684203 36.582092285 0.010919691 0.999841571 -0.014057529 -4.750125885 -0.986747742 0.008498454 -0.162039295 167.966705322
-0.169247970 0.014618722 0.985464990 37.326953888 0.012250738 0.999843895 -0.012728029 -4.774729729 -0.985497355 0.009918480 -0.169400662 167.832351685
-0.175133035 0.014703917 0.984434962 38.078147888 0.015585165 0.999804616 -0.012160853 -4.798720837 -0.984421432 0.013212815 -0.175328001 167.688400269
-0.180587813 0.015335455 0.983439326 38.827102661 0.019228075 0.999742389 -0.012058849 -4.823359966 -0.983370900 0.016731964 -0.180836156 167.546005249
-0.185756996 0.016624210 0.982455075 39.576957703 0.022584844 0.999664962 -0.012645207 -4.847477913 -0.982336104 0.019839656 -0.186070219 167.394790649
-0.190590262 0.017862981 0.981507123 40.337116241 0.023945980 0.999621451 -0.013542796 -4.870727539 -0.981377482 0.020922029 -0.190945894 167.239761353
-0.195615217 0.018099431 0.980513692 41.107051849 0.024941495 0.999598086 -0.013475815 -4.893996239 -0.980363429 0.021819405 -0.195988044 167.084152222
-0.200246379 0.017423466 0.979590654 41.872516632 0.026677556 0.999568105 -0.012325410 -4.917546749 -0.979382217 0.023664968 -0.200624734 166.922882080
-0.204394236 0.016250206 0.978753686 42.660060883 0.027918933 0.999552250 -0.010765178 -4.937608242 -0.978490353 0.025125418 -0.204756409 166.753601074
-0.209246576 0.015651900 0.977737784 43.444240570 0.029827120 0.999508798 -0.009617090 -4.960394859 -0.977407932 0.027150754 -0.209610686 166.585449219
-0.213904902 0.016453600 0.976715922 44.235610962 0.031510901 0.999454021 -0.009935619 -4.982407570 -0.976346135 0.028651917 -0.214306623 166.404922485
-0.218512043 0.017956935 0.975669026 45.036804199 0.032232013 0.999418080 -0.011175306 -5.006762505 -0.975301802 0.029005842 -0.218963638 166.222122192
-0.223403499 0.019532470 0.974530339 45.840969086 0.032096598 0.999404430 -0.012673122 -5.029691696 -0.974197447 0.028447885 -0.223897368 166.036987305
-0.227474898 0.020653956 0.973564804 46.649345398 0.032600332 0.999376118 -0.013584416 -5.055688381 -0.973238111 0.028648430 -0.228006333 165.845779419
-0.230988726 0.021130854 0.972726941 47.459331512 0.033398200 0.999347150 -0.013778226 -5.081468582 -0.972383022 0.029304715 -0.231543660 165.653350830
-0.233649984 0.020727186 0.972099841 48.284606934 0.030379690 0.999440253 -0.014008200 -5.106733322 -0.971845984 0.026259078 -0.234148905 165.464187622
-0.236293361 0.018879384 0.971498370 49.115478516 0.032290783 0.999411583 -0.011567882 -5.128831387 -0.971145093 0.028637027 -0.236763909 165.263412476
-0.238378286 0.017792080 0.971009374 49.953372955 0.033802804 0.999378383 -0.010013461 -5.149538994 -0.970583856 0.030435853 -0.238831535 165.057510376
-0.241692245 0.016985906 0.970204413 50.795764923 0.033474695 0.999397755 -0.009157965 -5.176026344 -0.969775319 0.030263891 -0.242115304 164.850479126
-0.244154885 0.021300871 0.969502270 51.639751434 0.032248605 0.999384046 -0.013836073 -5.204116821 -0.969199896 0.027886949 -0.244691432 164.644851685
-0.246050209 0.027408725 0.968869448 52.487960815 0.032542605 0.999270141 -0.020004345 -5.232521534 -0.968710542 0.026607465 -0.246762633 164.430358887
-0.248293847 0.031287163 0.968179345 53.344970703 0.033831153 0.999148607 -0.023611804 -5.265674591 -0.968093812 0.026891958 -0.249140933 164.210021973
-0.250843823 0.030584281 0.967544436 54.219024658 0.033772428 0.999168813 -0.022828152 -5.299297333 -0.967438281 0.026950018 -0.251668334 163.987365723
-0.253414482 0.027268587 0.966973364 55.094581604 0.031732116 0.999298930 -0.019864136 -5.328379154 -0.966837108 0.025650255 -0.254102170 163.765228271
-0.255757093 0.024065662 0.966441512 55.970302582 0.029122870 0.999428213 -0.017180059 -5.363874435 -0.966302335 0.023751624 -0.256311715 163.537933350
-0.258415669 0.022253601 0.965777457 56.858657837 0.026652146 0.999518335 -0.015899677 -5.394629002 -0.965665996 0.021631313 -0.258884341 163.311325073
-0.260669529 0.021371007 0.965191424 57.747917175 0.025690118 0.999554336 -0.015193730 -5.421165943 -0.965086222 0.020835338 -0.261102468 163.075683594
-0.262971193 0.019523943 0.964606106 58.636543274 0.025378756 0.999589264 -0.013313248 -5.449268341 -0.964469850 0.020979503 -0.263358682 162.835433960
-0.265550792 0.017562611 0.963936865 59.535072327 0.024462188 0.999634922 -0.011474036 -5.472501755 -0.963786483 0.020533066 -0.265883446 162.593154907
-0.267698884 0.016526306 0.963360906 60.430099487 0.023093425 0.999675691 -0.010732076 -5.501214027 -0.963225842 0.019374331 -0.267993718 162.349914551
-0.269316226 0.017345933 0.962895572 61.333068848 0.023099031 0.999666631 -0.011547672 -5.527775764 -0.962774754 0.019131983 -0.269627064 162.104202271
-0.270021290 0.018858995 0.962669611 62.237998962 0.023918208 0.999631047 -0.012874207 -5.555056572 -0.962557137 0.019549023 -0.270372838 161.852340698
-0.270782828 0.019374784 0.962445378 63.149940491 0.026511602 0.999568284 -0.012663087 -5.580749989 -0.962275326 0.022087028 -0.271179557 161.595672607
-0.271894306 0.018611807 0.962147117 64.066024780 0.027569868 0.999553204 -0.011544391 -5.611448288 -0.961932123 0.023387419 -0.272285938 161.339294434
-0.273032725 0.017748695 0.961840928 64.988708496 0.027865810 0.999556184 -0.010534523 -5.641509533 -0.961601079 0.023926208 -0.273406088 161.082489014
-0.273863763 0.017415684 0.961610734 65.919464111 0.028338971 0.999548018 -0.010031909 -5.668853760 -0.961350799 0.024503686 -0.274233520 160.817230225
-0.275207579 0.017793512 0.961220145 66.851608276 0.028852578 0.999531209 -0.010241905 -5.694473743 -0.960951805 0.024915030 -0.275591880 160.555328369
-0.276369214 0.019185742 0.960860014 67.793807983 0.029400514 0.999501526 -0.011500929 -5.725152969 -0.960601747 0.025071282 -0.276795447 160.287750244
-0.277380019 0.021134974 0.960527778 68.730865479 0.031905308 0.999409139 -0.012776926 -5.754537106 -0.960230291 0.027101872 -0.277890503 160.010925293
-0.278796017 0.021676691 0.960105658 69.682403564 0.032241032 0.999392867 -0.013201528 -5.781398773 -0.959809005 0.027274271 -0.279325664 159.740081787
-0.279909104 0.022841707 0.959754884 70.629577637 0.034990396 0.999295354 -0.013577932 -5.815216541 -0.959388554 0.029781615 -0.280511111 159.467224121
-0.280687720 0.024307117 0.959491432 71.588005066 0.034917392 0.999276102 -0.015100333 -5.845826149 -0.959163785 0.029264452 -0.281333387 159.194610596
-0.282330930 0.025691794 0.958972991 72.545532227 0.034750871 0.999259055 -0.016540106 -5.879442215 -0.958687365 0.028655365 -0.283014596 158.918472290
