1.000000000 0.000000000 0.000000000 0.000000000 0.000000000 1.000000000 0.000000000 0.000000000 0.000000000 0.000000000 1.000000000 0.000000000
0.999998927 0.001196957 0.000812827 -0.014144066 -0.001196122 0.999998689 -0.001027655 -0.022847395 -0.000814056 0.001026682 0.999999166 1.338472128
0.999996841 0.001995753 0.001486434 -0.020446168 -0.001992349 0.999995410 -0.002288145 -0.050531976 -0.001490994 0.002285176 0.999996305 2.668855667
0.999993622 0.002909081 0.002036749 -0.027919196 -0.002903931 0.999992609 -0.002527350 -0.075523563 -0.002044086 0.002521420 0.999994755 4.003928185
0.999992371 0.003038191 0.002446672 -0.034122080 -0.003038284 0.999995410 0.000034365 -0.097742893 -0.002446556 -0.000041799 0.999997020 5.359588623
0.999989450 0.003434655 0.003048715 -0.037473440 -0.003445306 0.999987900 0.003495440 -0.117421299 -0.003036673 -0.003505906 0.999989271 6.709049225
0.999984503 0.003959264 0.003918810 -0.040540639 -0.003979520 0.999978721 0.005174880 -0.132092401 -0.003898238 -0.005190397 0.999978900 8.050189972
